-- Litecoin
Best SVR parameters:  {'estimator__C': 100, 'estimator__epsilon': 1, 'estimator__kernel': 'linear'}
Complete SVR cross-validation results: 
    mean_fit_time  std_fit_time  mean_score_time  ...  mean_test_score std_test_score rank_test_score
44       0.326711      0.037971         0.022062  ...         0.992021       0.002969               1
32       0.248432      0.014847         0.021129  ...         0.991783       0.003158               2
40       0.599465      0.060487         0.037886  ...         0.991764       0.003040               3
36       0.672010      0.055077         0.042153  ...         0.991723       0.003055               4
28       0.367949      0.028384         0.037244  ...         0.991605       0.003217               5
24       0.416213      0.032385         0.035513  ...         0.991590       0.003219               6
41       0.832366      0.050066         0.183265  ...         0.990554       0.004848               7
37       0.983016      0.045536         0.212533  ...         0.990543       0.004862               8
45       0.382769      0.008714         0.106709  ...         0.990530       0.004823               9
33       0.338468      0.018641         0.115337  ...         0.981440       0.007472              10
29       0.511708      0.045586         0.194337  ...         0.981417       0.007740              11
25       0.535382      0.054524         0.203177  ...         0.981408       0.007739              12
38       4.471901      0.280314         0.044785  ...         0.952547       0.011110              13
42       4.594347      0.421090         0.054328  ...         0.952414       0.011258              14
46       3.672183      0.134607         0.026169  ...         0.952390       0.011767              15
30       0.984504      0.044346         0.049314  ...         0.946104       0.009127              16
26       0.983413      0.079600         0.050997  ...         0.946083       0.009145              17
34       0.884695      0.136154         0.060000  ...         0.945811       0.009449              18
22       0.487758      0.068451         0.047409  ...         0.920958       0.005428              19
14       0.486350      0.029374         0.049734  ...         0.920830       0.005557              20
18       0.477427      0.057356         0.054916  ...         0.920821       0.005565              21
21       0.352681      0.027253         0.130480  ...         0.913747       0.016298              22
13       0.458935      0.019954         0.210432  ...         0.912704       0.016524              23
17       0.444871      0.035565         0.196509  ...         0.912701       0.016513              24
16       0.376009      0.080175         0.038797  ...         0.861199       0.011001              25
12       0.358450      0.020477         0.043448  ...         0.861149       0.011006              26
20       0.360066      0.058787         0.037460  ...         0.860540       0.011247              27
10       0.379898      0.025007         0.043136  ...         0.840414       0.004787              28
2        0.417960      0.020429         0.050219  ...         0.839080       0.004969              29
6        0.427203      0.051832         0.052470  ...         0.839015       0.004936              30
9        0.467559      0.043873         0.213356  ...         0.333471       0.038030              31
1        0.484836      0.017111         0.195588  ...         0.333414       0.037802              32
5        0.441555      0.025642         0.193121  ...         0.333303       0.037674              33
0        0.367949      0.008996         0.044788  ...         0.212173       0.024702              34
4        0.392049      0.074419         0.039883  ...         0.212090       0.024745              35
8        0.367939      0.028813         0.044178  ...         0.211740       0.024638              36
3        0.650746      0.032136         0.106138  ...         0.013199       0.021717              37
7        0.644860      0.026690         0.114686  ...         0.013162       0.021658              38
11       0.645604      0.024103         0.109151  ...         0.012021       0.021845              39
23       0.615595      0.065540         0.108636  ...        -0.242309       0.033369              40
19       0.626779      0.023989         0.097147  ...        -0.242335       0.033263              41
15       0.635357      0.062349         0.098786  ...        -0.242470       0.033058              42
27       0.613173      0.050852         0.107716  ...       -29.017731       1.722419              43
31       0.621807      0.016787         0.110952  ...       -29.017777       1.723223              44
35       0.669431      0.010671         0.115577  ...       -29.018606       1.726952              45
43       0.648679      0.041188         0.104382  ...     -2618.557789     166.246652              46
39       0.658973      0.029384         0.110850  ...     -2618.558025     166.248613              47
47       0.661208      0.052325         0.111667  ...     -2618.563778     166.243810              48

[48 rows x 16 columns]
    Kernel  Average Mean Test Score
0   linear                 0.764115
1      rbf                 0.804602
2     poly                 0.914706
3  sigmoid              -661.951870
SVR Mean Squared Error: 42.97875376550674
SVR Mean Absolute Error: 2.8522220443178616
Price Trend Prediction Accuracy: 0.9225806451612903
Price Trend Prediction Precision: 0.9627118644067797
Price Trend Prediction Recall: 1.0
Price Trend Prediction F1-score: 0.9810017271157169
Trading Strategy Returns: -1.8238857796379617e+75
Benchmark Returns: 3514.297305442685
                 Open       High        Low      Close
2023-03-21  78.496804  78.027306  74.357428  73.550308
2023-03-22  78.496860  78.026981  74.357900  73.550334
2023-03-23  78.496916  78.026655  74.358371  73.550359
2023-03-24  78.496972  78.026330  74.358843  73.550385
2023-03-25  78.497028  78.026005  74.359315  73.550411
2023-03-26  78.497084  78.025680  74.359787  73.550437
2023-03-27  78.497140  78.025354  74.360259  73.550462
2023-03-28  78.497195  78.025029  74.360731  73.550488
2023-03-29  78.497251  78.024704  74.361203  73.550514
2023-03-30  78.497307  78.024379  74.361675  73.550539
2023-03-31  78.497363  78.024053  74.362147  73.550565
2023-04-01  78.497419  78.023728  74.362619  73.550591
2023-04-02  78.497475  78.023403  74.363091  73.550617
2023-04-03  78.497531  78.023078  74.363563  73.550642
2023-04-04  78.497587  78.022752  74.364035  73.550668
2023-04-05  78.497643  78.022427  74.364507  73.550694
2023-04-06  78.497699  78.022102  74.364979  73.550720
2023-04-07  78.497755  78.021777  74.365451  73.550745
2023-04-08  78.497811  78.021451  74.365922  73.550771
2023-04-09  78.497867  78.021126  74.366394  73.550797
2023-04-10  78.497923  78.020801  74.366866  73.550823
2023-04-11  78.497979  78.020476  74.367338  73.550848
2023-04-12  78.498035  78.020150  74.367810  73.550874
2023-04-13  78.498091  78.019825  74.368282  73.550900
2023-04-14  78.498147  78.019500  74.368754  73.550925
2023-04-15  78.498203  78.019175  74.369226  73.550951
2023-04-16  78.498259  78.018849  74.369698  73.550977
2023-04-17  78.498315  78.018524  74.370170  73.551003
2023-04-18  78.498371  78.018199  74.370642  73.551028
2023-04-19  78.498427  78.017874  74.371114  73.551054
2023-04-20  78.498483  78.017548  74.371586  73.551080