-- Cardano
Best SVR parameters:  {'estimator__C': 10, 'estimator__epsilon': 0.01, 'estimator__kernel': 'rbf'}
Complete SVR cross-validation results: 
    mean_fit_time  std_fit_time  mean_score_time  ...  mean_test_score std_test_score rank_test_score
25       0.385670      0.017966         0.025900  ...     9.951778e-01       0.001120               1
13       0.127192      0.010771         0.026679  ...     9.951493e-01       0.000865               2
12       0.115513      0.005866         0.006655  ...     9.946083e-01       0.000735               3
36       1.345541      0.082935         0.008131  ...     9.946013e-01       0.000737               4
24       0.291466      0.044858         0.006468  ...     9.946012e-01       0.000743               5
0        0.072982      0.005331         0.006723  ...     9.943962e-01       0.000668               6
37       1.978886      0.099132         0.027670  ...     9.943339e-01       0.000781               7
28       0.061061      0.008281         0.001341  ...     9.935873e-01       0.000761               8
40       0.141191      0.031515         0.003034  ...     9.934461e-01       0.000807               9
16       0.017602      0.002963         0.001210  ...     9.923756e-01       0.000776              10
17       0.032391      0.012761         0.003159  ...     9.918332e-01       0.000832              11
29       0.068611      0.004964         0.005095  ...     9.914949e-01       0.001146              12
41       0.134500      0.020685         0.003917  ...     9.898072e-01       0.001324              13
1        0.116076      0.007261         0.038935  ...     9.885872e-01       0.001991              14
4        0.019163      0.004172         0.001760  ...     9.813198e-01       0.001258              15
5        0.026317      0.003776         0.010112  ...     9.804805e-01       0.002699              16
18       0.404951      0.044565         0.004170  ...     9.758864e-01       0.002934              17
6        0.135196      0.004026         0.003248  ...     9.734081e-01       0.004707              18
2        0.401621      0.019124         0.013926  ...     9.733579e-01       0.004541              19
30       2.276993      0.133525         0.002547  ...     9.726005e-01       0.009312              20
42      19.254927      1.480249         0.005420  ...     9.723913e-01       0.014279              21
14       1.874431      0.073559         0.019460  ...     9.714309e-01       0.008699              22
38      94.538305      1.906450         0.010843  ...     9.620794e-01       0.029124              23
26      13.415627      0.209933         0.013997  ...     9.617968e-01       0.027646              24
34       0.005333      0.001101         0.001571  ...    -6.335231e-01       0.117561              25
10       0.005311      0.001983         0.000993  ...    -6.335231e-01       0.117561              25
46       0.007045      0.001919         0.001324  ...    -6.335231e-01       0.117561              25
22       0.002613      0.001171         0.000446  ...    -6.335231e-01       0.117561              25
21       0.005768      0.003248         0.000859  ...    -6.543121e-01       0.117658              29
45       0.010031      0.000630         0.001146  ...    -6.543121e-01       0.117658              29
33       0.007993      0.000784         0.003847  ...    -6.543121e-01       0.117658              29
9        0.008958      0.003697         0.001131  ...    -6.686240e-01       0.115798              32
8        0.006563      0.002536         0.001567  ...    -7.043632e-01       0.118163              33
20       0.005554      0.001356         0.001177  ...    -7.133007e-01       0.117996              34
32       0.004645      0.001114         0.000989  ...    -7.133007e-01       0.117996              34
44       0.005590      0.000178         0.001552  ...    -7.133007e-01       0.117996              34
11       0.228076      0.054116         0.037758  ...    -2.510443e+01       0.865303              37
3        0.228813      0.009901         0.041486  ...    -2.824596e+01       1.159172              38
7        0.229608      0.021684         0.034275  ...    -2.825696e+01       1.148489              39
23       0.234665      0.022713         0.044573  ...    -2.333096e+03      91.470640              40
15       0.235852      0.035492         0.042351  ...    -2.336074e+03      89.512889              41
19       0.230015      0.016600         0.043558  ...    -2.336887e+03      90.502045              42
31       0.249965      0.013956         0.037886  ...    -2.288747e+05    8993.327456              43
27       0.246886      0.025216         0.040840  ...    -2.288770e+05    9000.562635              44
35       0.225921      0.009206         0.040527  ...    -2.289315e+05    8956.247434              45
43       0.247140      0.020970         0.039763  ...    -2.283984e+07  900595.055408              46
47       0.243318      0.004882         0.041597  ...    -2.283986e+07  901375.054033              47
39       0.247049      0.029930         0.046758  ...    -2.283991e+07  900428.735510              48

[48 rows x 16 columns]
    Kernel  Average Mean Test Score
0   linear             4.245559e-01
1      rbf             4.412753e-01
2     poly             4.357382e-01
3  sigmoid            -5.767781e+06
SVR Mean Squared Error: 0.0015546810437019887
SVR Mean Absolute Error: 0.017971291127350505
Price Trend Prediction Accuracy: 0.8487179487179487
Price Trend Prediction Precision: 0.9849246231155779
Price Trend Prediction Recall: 1.0
Price Trend Prediction F1-score: 0.9924050632911393
Trading Strategy Returns: -1067.7573372944616
Benchmark Returns: 1273.6529997688567
                Open      High       Low     Close
2023-03-21  0.346140  0.353425  0.323863  0.326610
2023-03-22  0.346192  0.353535  0.323893  0.326677
2023-03-23  0.346246  0.353646  0.323923  0.326745
2023-03-24  0.346299  0.353757  0.323953  0.326812
2023-03-25  0.346352  0.353869  0.323983  0.326880
2023-03-26  0.346406  0.353982  0.324012  0.326948
2023-03-27  0.346460  0.354094  0.324042  0.327016
2023-03-28  0.346514  0.354208  0.324072  0.327084
2023-03-29  0.346568  0.354322  0.324101  0.327153
2023-03-30  0.346622  0.354436  0.324130  0.327222
2023-03-31  0.346677  0.354551  0.324160  0.327291
2023-04-01  0.346731  0.354666  0.324189  0.327360
2023-04-02  0.346786  0.354782  0.324218  0.327429
2023-04-03  0.346841  0.354898  0.324247  0.327499
2023-04-04  0.346896  0.355015  0.324276  0.327568
2023-04-05  0.346952  0.355132  0.324305  0.327638
2023-04-06  0.347007  0.355250  0.324334  0.327708
2023-04-07  0.347063  0.355368  0.324362  0.327778
2023-04-08  0.347119  0.355487  0.324391  0.327849
2023-04-09  0.347175  0.355606  0.324419  0.327919
2023-04-10  0.347231  0.355726  0.324448  0.327990
2023-04-11  0.347287  0.355846  0.324476  0.328061
2023-04-12  0.347344  0.355967  0.324504  0.328133
2023-04-13  0.347401  0.356088  0.324532  0.328204
2023-04-14  0.347458  0.356210  0.324560  0.328276
2023-04-15  0.347515  0.356332  0.324588  0.328347
2023-04-16  0.347572  0.356455  0.324616  0.328419
2023-04-17  0.347629  0.356578  0.324644  0.328492
2023-04-18  0.347687  0.356702  0.324672  0.328564
2023-04-19  0.347745  0.356826  0.324699  0.328637
2023-04-20  0.347803  0.356951  0.324727  0.328709