-- Tether
Time taken for grid search: 107.1858971118927 seconds
Best SVR parameters:  {'estimator__C': 1, 'estimator__epsilon': 0.01, 'estimator__kernel': 'rbf'}
Best score found:  0.36535326363917064
Complete SVR cross-validation results: 
    mean_fit_time  std_fit_time  mean_score_time  ...  mean_test_score std_test_score rank_test_score
13       0.053556      0.016776         0.004787  ...     3.653533e-01   9.236164e-02               1
1        0.013755      0.002238         0.007682  ...     3.501690e-01   5.165577e-02               2
0        0.016875      0.005011         0.001617  ...     3.466638e-01   9.393840e-02               3
25       0.101621      0.016330         0.005606  ...     2.997186e-01   1.203292e-01               4
12       0.081731      0.005865         0.001556  ...     2.768704e-01   7.730137e-02               5
36       0.650448      0.119026         0.002763  ...     2.712430e-01   4.057806e-02               6
24       0.157808      0.009577         0.002619  ...     2.642396e-01   6.907246e-02               7
37       0.278444      0.071532         0.005157  ...     1.992611e-01   1.548429e-01               8
2        0.248702      0.016077         0.001695  ...     9.761485e-02   1.560526e-01               9
14       1.221862      0.163170         0.001737  ...     3.279804e-03   1.932225e-01              10
38      37.380858      6.658128         0.001309  ...    -8.272805e-02   3.657534e-01              11
26       5.363776      1.170844         0.001313  ...    -9.977756e-02   2.783267e-01              12
47       0.004247      0.002436         0.001174  ...    -1.122932e+01   2.298592e+00              13
20       0.003173      0.002260         0.000671  ...    -1.122932e+01   2.298592e+00              13
34       0.003668      0.003009         0.000681  ...    -1.122932e+01   2.298592e+00              13
35       0.001475      0.000136         0.000445  ...    -1.122932e+01   2.298592e+00              13
8        0.003124      0.001253         0.000498  ...    -1.122932e+01   2.298592e+00              13
23       0.002201      0.001454         0.000679  ...    -1.122932e+01   2.298592e+00              13
22       0.002516      0.001402         0.000648  ...    -1.122932e+01   2.298592e+00              13
21       0.002405      0.001205         0.000451  ...    -1.122932e+01   2.298592e+00              13
33       0.002436      0.002114         0.000540  ...    -1.122932e+01   2.298592e+00              13
32       0.002108      0.001513         0.001113  ...    -1.122932e+01   2.298592e+00              13
44       0.003838      0.001567         0.002483  ...    -1.122932e+01   2.298592e+00              13
45       0.006291      0.005224         0.000823  ...    -1.122932e+01   2.298592e+00              13
46       0.003561      0.001785         0.000967  ...    -1.122932e+01   2.298592e+00              13
11       0.002707      0.001563         0.000485  ...    -1.122932e+01   2.298592e+00              13
10       0.002192      0.001278         0.000612  ...    -1.122932e+01   2.298592e+00              13
9        0.003480      0.000799         0.001913  ...    -1.122932e+01   2.298592e+00              13
41       0.003144      0.002052         0.002572  ...    -1.122932e+01   2.298592e+00              29
42       0.002935      0.001236         0.000679  ...    -1.122932e+01   2.298592e+00              29
43       0.005204      0.001645         0.001509  ...    -1.122932e+01   2.298592e+00              29
40       0.003436      0.003969         0.001273  ...    -1.122932e+01   2.298592e+00              29
7        0.002360      0.000665         0.000535  ...    -1.122932e+01   2.298592e+00              29
31       0.001452      0.000055         0.000408  ...    -1.122932e+01   2.298592e+00              29
30       0.001958      0.001079         0.000711  ...    -1.122932e+01   2.298592e+00              29
29       0.001906      0.001046         0.000435  ...    -1.122932e+01   2.298592e+00              29
28       0.005806      0.004334         0.000817  ...    -1.122932e+01   2.298592e+00              29
4        0.004265      0.001735         0.000705  ...    -1.122932e+01   2.298592e+00              29
19       0.002354      0.001734         0.000905  ...    -1.122932e+01   2.298592e+00              29
18       0.002664      0.001856         0.000667  ...    -1.122932e+01   2.298592e+00              29
17       0.002719      0.001516         0.000647  ...    -1.122932e+01   2.298592e+00              29
16       0.003442      0.001201         0.000669  ...    -1.122932e+01   2.298592e+00              29
5        0.006961      0.002961         0.001516  ...    -1.122932e+01   2.298592e+00              29
6        0.003028      0.001490         0.001722  ...    -1.122932e+01   2.298592e+00              29
3        0.242926      0.049923         0.032971  ...    -2.828914e+03   5.631607e+02              45
15       0.214928      0.017512         0.046966  ...    -2.822046e+05   5.720023e+04              46
27       0.174224      0.037117         0.043216  ...    -2.824850e+07   5.733333e+06              47
39       0.128374      0.001451         0.023792  ...    -2.824560e+09   5.731599e+08              48

[48 rows x 16 columns]
    Kernel  Average Mean Test Score
0   linear            -7.389630e+00
1      rbf            -7.385006e+00
2     poly            -7.493016e+00
3  sigmoid            -2.377578e+08
Variance of performance scores across runs: 5.1937026678074033e-08
Standard deviation of performance scores across runs: 0.00022789696504796643
SVR Mean Squared Error: 3.7104780961962914e-05
SVR Mean Absolute Error: 0.004887614793712582
Price Trend Prediction Accuracy: 0.6461538461538462
Price Trend Prediction Precision: 0.8507462686567164
Price Trend Prediction Recall: 1.0
Price Trend Prediction F1-score: 0.9193548387096774
Trading Strategy Returns: 0.14329023168400412
Benchmark Returns: 1.025963273521448
    Kernel  Std of Mean Test Score
0   linear            5.671637e+00
1      rbf            5.678566e+00
2     poly            5.519094e+00
3  sigmoid            8.146718e+08
                Open      High       Low     Close
2023-03-21  1.008769  1.007593  0.984644  1.010352
2023-03-22  1.008773  1.007602  0.984675  1.010355
2023-03-23  1.008776  1.007611  0.984705  1.010359
2023-03-24  1.008779  1.007621  0.984736  1.010362
2023-03-25  1.008782  1.007630  0.984767  1.010366
2023-03-26  1.008786  1.007639  0.984797  1.010369
2023-03-27  1.008789  1.007649  0.984828  1.010373
2023-03-28  1.008792  1.007658  0.984859  1.010376
2023-03-29  1.008795  1.007668  0.984890  1.010380
2023-03-30  1.008799  1.007677  0.984921  1.010383
2023-03-31  1.008802  1.007687  0.984952  1.010387
2023-04-01  1.008805  1.007696  0.984983  1.010390
2023-04-02  1.008808  1.007706  0.985014  1.010394
2023-04-03  1.008811  1.007715  0.985045  1.010398
2023-04-04  1.008814  1.007725  0.985076  1.010401
2023-04-05  1.008818  1.007734  0.985107  1.010405
2023-04-06  1.008821  1.007744  0.985139  1.010408
2023-04-07  1.008824  1.007754  0.985170  1.010412
2023-04-08  1.008827  1.007764  0.985202  1.010415
2023-04-09  1.008830  1.007773  0.985233  1.010419
2023-04-10  1.008834  1.007783  0.985265  1.010422
2023-04-11  1.008837  1.007793  0.985296  1.010426
2023-04-12  1.008840  1.007803  0.985328  1.010429
2023-04-13  1.008843  1.007813  0.985360  1.010433
2023-04-14  1.008846  1.007823  0.985391  1.010436
2023-04-15  1.008849  1.007832  0.985423  1.010440
2023-04-16  1.008852  1.007842  0.985455  1.010443
2023-04-17  1.008856  1.007852  0.985487  1.010447
2023-04-18  1.008859  1.007862  0.985519  1.010451
2023-04-19  1.008862  1.007873  0.985551  1.010454
2023-04-20  1.008865  1.007883  0.985583  1.010458
