-- Ripple
Best SVR parameters:  {'estimator__C': 1, 'estimator__epsilon': 0.01, 'estimator__kernel': 'linear'}
Complete SVR cross-validation results: 
    mean_fit_time  std_fit_time  mean_score_time  ...  mean_test_score std_test_score rank_test_score
12       0.122530      0.014168         0.007609  ...     9.793571e-01   4.396045e-03               1
36       1.573340      0.118630         0.010111  ...     9.792411e-01   4.591487e-03               2
24       0.318536      0.040102         0.009479  ...     9.792387e-01   4.553020e-03               3
0        0.106985      0.017780         0.007091  ...     9.788758e-01   3.531704e-03               4
40       0.130257      0.040843         0.001837  ...     9.744122e-01   3.144772e-03               5
28       0.089981      0.046206         0.002834  ...     9.741883e-01   2.985654e-03               6
25       0.454953      0.044257         0.031752  ...     9.700854e-01   2.057901e-02               7
13       0.172379      0.031787         0.047167  ...     9.696959e-01   1.876246e-02               8
16       0.019975      0.001919         0.000893  ...     9.670197e-01   2.991822e-03               9
37       2.408367      0.089600         0.039302  ...     9.639202e-01   1.447437e-02              10
17       0.024674      0.003811         0.002859  ...     9.546459e-01   1.601942e-02              11
29       0.085013      0.030765         0.006184  ...     9.524931e-01   2.144030e-02              12
41       0.113543      0.021701         0.005467  ...     9.504764e-01   1.846959e-02              13
1        0.118151      0.018109         0.043239  ...     9.365726e-01   3.163630e-02              14
4        0.025852      0.005475         0.006187  ...     9.361774e-01   5.067734e-03              15
5        0.017790      0.005625         0.011272  ...     9.226649e-01   2.630946e-02              16
6        0.085656      0.006645         0.002230  ...     8.823329e-01   6.769973e-02              17
2        0.388078      0.050192         0.015611  ...     8.751782e-01   1.039639e-01              18
30       1.133555      0.060294         0.002102  ...     8.682126e-01   4.103755e-02              19
14       1.630430      0.136423         0.014787  ...     8.663155e-01   1.175908e-01              20
18       0.193357      0.016311         0.001865  ...     8.645143e-01   4.471310e-02              21
42       7.229226      1.096413         0.003511  ...     8.354844e-01   8.538389e-02              22
26      10.077752      1.706957         0.012245  ...     8.313562e-01   1.142057e-01              23
38      63.777169      3.763515         0.008726  ...     8.141701e-01   1.176675e-01              24
34       0.002851      0.002511         0.000426  ...    -3.328485e+00   2.820234e-01              25
46       0.006365      0.000855         0.001689  ...    -3.328485e+00   2.820234e-01              25
10       0.003968      0.001839         0.000833  ...    -3.328485e+00   2.820234e-01              25
22       0.002937      0.001544         0.000802  ...    -3.328485e+00   2.820234e-01              25
8        0.006896      0.001169         0.001513  ...    -3.655410e+00   3.137325e-01              29
9        0.006353      0.001274         0.001704  ...    -3.856583e+00   3.345205e-01              30
20       0.002415      0.000712         0.000615  ...    -3.923127e+00   3.859711e-01              31
44       0.006276      0.003193         0.001269  ...    -3.961199e+00   3.730747e-01              32
32       0.003632      0.001809         0.000515  ...    -3.961199e+00   3.730747e-01              32
11       0.006459      0.003498         0.000576  ...    -4.022247e+00   3.582024e-01              34
33       0.004153      0.002946         0.001300  ...    -4.076534e+00   3.897444e-01              35
45       0.010364      0.002026         0.001985  ...    -4.076534e+00   3.897444e-01              35
21       0.005360      0.002806         0.002780  ...    -4.076534e+00   3.897444e-01              35
7        0.239199      0.013201         0.047895  ...    -6.603145e+01   3.379729e+00              38
3        0.239215      0.031358         0.039841  ...    -6.604860e+01   3.283822e+00              39
23       0.019923      0.032226         0.002552  ...    -2.757102e+02   5.456008e+02              40
15       0.256872      0.017929         0.042809  ...    -6.124027e+03   3.022959e+02              41
19       0.255315      0.013132         0.042174  ...    -6.127163e+03   3.022264e+02              42
35       0.227441      0.061372         0.038578  ...    -5.473068e+05   1.419518e+05              43
27       0.221334      0.031079         0.037959  ...    -6.060381e+05   2.996952e+04              44
31       0.245230      0.018146         0.058803  ...    -6.060682e+05   2.991154e+04              45
47       0.245106      0.054478         0.039165  ...    -5.469740e+07   1.417634e+07              46
39       0.244247      0.056262         0.041342  ...    -6.059722e+07   2.990255e+06              47
43       0.240908      0.041050         0.041455  ...    -6.059779e+07   2.989996e+06              48

[48 rows x 16 columns]
    Kernel  Average Mean Test Score
0   linear            -6.443688e-01
1      rbf            -7.054691e-01
2     poly            -5.396979e-01
3  sigmoid            -1.480537e+07
SVR Mean Squared Error: 0.005572603065532838
SVR Mean Absolute Error: 0.025700902192469188
Price Trend Prediction Accuracy: 0.9641025641025641
Price Trend Prediction Precision: 0.9591836734693877
Price Trend Prediction Recall: 1.0
Price Trend Prediction F1-score: 0.9791666666666666
Trading Strategy Returns: 5.728380628863847e-15
Benchmark Returns: 169.79054059031262
                Open      High       Low     Close
2023-03-21  0.371435  0.362992  0.360676  0.353963
2023-03-22  0.371436  0.362987  0.360681  0.353963
2023-03-23  0.371436  0.362982  0.360685  0.353964
2023-03-24  0.371437  0.362977  0.360690  0.353964
2023-03-25  0.371437  0.362972  0.360695  0.353964
2023-03-26  0.371438  0.362967  0.360699  0.353965
2023-03-27  0.371438  0.362962  0.360704  0.353965
2023-03-28  0.371439  0.362957  0.360709  0.353965
2023-03-29  0.371439  0.362952  0.360713  0.353965
2023-03-30  0.371440  0.362947  0.360718  0.353966
2023-03-31  0.371440  0.362942  0.360723  0.353966
2023-04-01  0.371441  0.362936  0.360727  0.353966
2023-04-02  0.371441  0.362931  0.360732  0.353967
2023-04-03  0.371442  0.362926  0.360737  0.353967
2023-04-04  0.371442  0.362921  0.360742  0.353967
2023-04-05  0.371443  0.362916  0.360746  0.353967
2023-04-06  0.371443  0.362911  0.360751  0.353968
2023-04-07  0.371444  0.362906  0.360756  0.353968
2023-04-08  0.371444  0.362901  0.360760  0.353968
2023-04-09  0.371445  0.362896  0.360765  0.353969
2023-04-10  0.371445  0.362891  0.360770  0.353969
2023-04-11  0.371446  0.362886  0.360774  0.353969
2023-04-12  0.371446  0.362881  0.360779  0.353969
2023-04-13  0.371447  0.362876  0.360784  0.353970
2023-04-14  0.371447  0.362871  0.360788  0.353970
2023-04-15  0.371448  0.362866  0.360793  0.353970
2023-04-16  0.371448  0.362861  0.360798  0.353971
2023-04-17  0.371449  0.362855  0.360803  0.353971
2023-04-18  0.371449  0.362850  0.360807  0.353971
2023-04-19  0.371450  0.362845  0.360812  0.353971
2023-04-20  0.371450  0.362840  0.360817  0.353972