-- Ethereum
Best SVR parameters:  {'estimator__C': 100, 'estimator__epsilon': 0.01, 'estimator__kernel': 'linear'}
Complete SVR cross-validation results: 
    mean_fit_time  std_fit_time  mean_score_time  ...  mean_test_score std_test_score rank_test_score
36       0.193137      0.067611         0.016288  ...         0.996226       0.000253               1
40       0.160403      0.023937         0.015804  ...         0.996225       0.000253               2
44       0.156747      0.022251         0.015248  ...         0.996225       0.000250               3
37       0.196183      0.018257         0.074837  ...         0.989906       0.002328               4
41       0.227747      0.010630         0.079356  ...         0.989905       0.002329               5
45       0.227082      0.044791         0.083698  ...         0.989905       0.002337               6
46       0.483160      0.035764         0.015158  ...         0.982931       0.002835               7
42       0.540121      0.031623         0.020164  ...         0.982925       0.002832               8
38       0.595673      0.099609         0.020945  ...         0.982924       0.002832               9
34       0.224352      0.007443         0.022611  ...         0.977640       0.003843              10
30       0.219926      0.004574         0.020960  ...         0.977640       0.003827              11
26       0.223104      0.002810         0.018606  ...         0.977638       0.003825              12
22       0.180674      0.013267         0.018311  ...         0.969920       0.004370              13
18       0.184926      0.011557         0.018800  ...         0.969905       0.004378              14
14       0.182198      0.008535         0.018169  ...         0.969903       0.004378              15
25       0.193942      0.010119         0.079856  ...         0.909849       0.009365              16
29       0.192295      0.015945         0.079638  ...         0.909848       0.009366              17
33       0.184721      0.006130         0.080689  ...         0.909813       0.009375              18
10       0.190651      0.080214         0.017679  ...         0.841007       0.007882              19
2        0.181210      0.046388         0.021515  ...         0.840985       0.007853              20
6        0.160273      0.014440         0.018490  ...         0.840985       0.007856              21
24       0.145604      0.024183         0.017147  ...         0.779296       0.009956              22
28       0.150111      0.007807         0.019750  ...         0.779294       0.009959              23
32       0.147842      0.015442         0.017975  ...         0.779273       0.009924              24
21       0.195236      0.021989         0.078638  ...         0.182802       0.026899              25
17       0.180897      0.003395         0.080953  ...         0.182648       0.026973              26
13       0.193925      0.014892         0.082164  ...         0.182644       0.026975              27
12       0.152715      0.009833         0.016593  ...        -0.012216       0.036079              28
16       0.173154      0.047608         0.015357  ...        -0.012223       0.036084              29
20       0.153644      0.017070         0.017883  ...        -0.012414       0.036221              30
9        0.195872      0.011805         0.084420  ...        -0.194309       0.042250              31
1        0.192159      0.018019         0.077770  ...        -0.194399       0.042230              32
5        0.192318      0.012852         0.077273  ...        -0.194402       0.042233              33
8        0.156890      0.028686         0.013852  ...        -0.218550       0.043649              34
4        0.150239      0.025141         0.018930  ...        -0.218616       0.043653              35
0        0.169366      0.008425         0.016544  ...        -0.218620       0.043653              36
11       0.226389      0.012886         0.043976  ...        -0.243869       0.044694              37
7        0.256323      0.025252         0.044314  ...        -0.243975       0.044821              38
3        0.251739      0.016492         0.047070  ...        -0.243978       0.044821              39
15       0.260092      0.009496         0.038377  ...        -0.249719       0.043804              40
19       0.255702      0.015987         0.045444  ...        -0.249722       0.043805              41
23       0.264410      0.031391         0.050573  ...        -0.249845       0.043896              42
35       0.253261      0.016910         0.038893  ...        -0.326751       0.047391              43
31       0.261386      0.017250         0.043215  ...        -0.326789       0.047560              44
27       0.252668      0.011408         0.043990  ...        -0.326807       0.047558              45
43       0.238390      0.031462         0.039555  ...        -1.825230       0.159910              46
39       0.218862      0.015978         0.043851  ...        -1.825239       0.159894              47
47       0.239266      0.043640         0.034091  ...        -1.825442       0.160058              48

[48 rows x 16 columns]
    Kernel  Average Mean Test Score
0   linear                 0.386158
1      rbf                 0.472017
2     poly                 0.942867
3  sigmoid                -0.661447
SVR Mean Squared Error: 4047.85949860518
SVR Mean Absolute Error: 36.0969745677168
Price Trend Prediction Accuracy: 0.9153846153846154
Price Trend Prediction Precision: 0.9381443298969072
Price Trend Prediction Recall: 1.0
Price Trend Prediction F1-score: 0.9680851063829787
Trading Strategy Returns: -1.055539428539231e+21
Benchmark Returns: 705.761023582324
                   Open         High          Low        Close
2023-03-21  1622.463879  1647.666504  1585.599231  1612.444005
2023-03-22  1622.466659  1647.658293  1585.622864  1612.451633
2023-03-23  1622.469438  1647.650082  1585.646498  1612.459261
2023-03-24  1622.472218  1647.641871  1585.670131  1612.466888
2023-03-25  1622.474998  1647.633661  1585.693765  1612.474516
2023-03-26  1622.477777  1647.625450  1585.717398  1612.482143
2023-03-27  1622.480557  1647.617239  1585.741031  1612.489771
2023-03-28  1622.483337  1647.609028  1585.764665  1612.497398
2023-03-29  1622.486117  1647.600817  1585.788298  1612.505026
2023-03-30  1622.488896  1647.592606  1585.811932  1612.512653
2023-03-31  1622.491676  1647.584395  1585.835565  1612.520281
2023-04-01  1622.494456  1647.576184  1585.859198  1612.527908
2023-04-02  1622.497236  1647.567973  1585.882832  1612.535536
2023-04-03  1622.500015  1647.559762  1585.906465  1612.543164
2023-04-04  1622.502795  1647.551552  1585.930099  1612.550791
2023-04-05  1622.505575  1647.543341  1585.953732  1612.558419
2023-04-06  1622.508354  1647.535130  1585.977365  1612.566046
2023-04-07  1622.511134  1647.526919  1586.000999  1612.573674
2023-04-08  1622.513914  1647.518708  1586.024632  1612.581301
2023-04-09  1622.516694  1647.510497  1586.048266  1612.588929
2023-04-10  1622.519473  1647.502286  1586.071899  1612.596556
2023-04-11  1622.522253  1647.494075  1586.095532  1612.604184
2023-04-12  1622.525033  1647.485864  1586.119166  1612.611811
2023-04-13  1622.527813  1647.477653  1586.142799  1612.619439
2023-04-14  1622.530592  1647.469443  1586.166433  1612.627067
2023-04-15  1622.533372  1647.461232  1586.190066  1612.634694
2023-04-16  1622.536152  1647.453021  1586.213700  1612.642322
2023-04-17  1622.538931  1647.444810  1586.237333  1612.649949
2023-04-18  1622.541711  1647.436599  1586.260966  1612.657577
2023-04-19  1622.544491  1647.428388  1586.284600  1612.665204
2023-04-20  1622.547271  1647.420177  1586.308233  1612.672832