- Bitcoin
Time taken for grid search: 19.922784090042114 seconds
Best SVR parameters:  {'estimator__C': 100, 'estimator__epsilon': 0.1, 'estimator__kernel': 'poly'}
Best score found:  0.9790345394929172
Complete SVR cross-validation results: 
    mean_fit_time  std_fit_time  mean_score_time  ...  mean_test_score std_test_score rank_test_score
42       0.488383      0.035071         0.054927  ...         0.979035       0.003848               1
38       0.492707      0.013607         0.048226  ...         0.979034       0.003849               2
46       0.480280      0.067647         0.045618  ...         0.979033       0.003852               3
34       0.391434      0.022294         0.049143  ...         0.973051       0.001905               4
30       0.381793      0.037595         0.044128  ...         0.973051       0.001907               5
26       0.420873      0.012692         0.057292  ...         0.973051       0.001907               6
45       0.456447      0.071714         0.195353  ...         0.915700       0.007625               7
41       0.461921      0.064155         0.209405  ...         0.915697       0.007625               8
37       0.468147      0.018103         0.210124  ...         0.915697       0.007625               9
14       0.404310      0.066188         0.052210  ...         0.755582       0.009417              10
18       0.400734      0.064486         0.051577  ...         0.755580       0.009418              11
22       0.419613      0.059123         0.047190  ...         0.755579       0.009409              12
36       0.335500      0.020353         0.043116  ...         0.736342       0.011959              13
40       0.360478      0.020976         0.046623  ...         0.736341       0.011958              14
44       0.348572      0.019270         0.038749  ...         0.736341       0.011955              15
25       0.476043      0.031511         0.196739  ...         0.195558       0.027162              16
29       0.487190      0.027963         0.204185  ...         0.195558       0.027161              17
33       0.479329      0.016627         0.199329  ...         0.195554       0.027161              18
28       0.364773      0.008573         0.037150  ...         0.086524       0.025763              19
24       0.416877      0.058678         0.045768  ...         0.086524       0.025763              19
32       0.362759      0.027247         0.038909  ...         0.086522       0.025766              21
6        0.423113      0.024628         0.054742  ...         0.033641       0.021989              22
2        0.413604      0.020194         0.048476  ...         0.033641       0.021989              23
10       0.420824      0.035288         0.052567  ...         0.033637       0.021991              24
21       0.462983      0.030177         0.240063  ...        -0.090187       0.024966              25
17       0.477828      0.035049         0.212518  ...        -0.090187       0.024967              26
13       0.487832      0.008305         0.210114  ...        -0.090187       0.024967              26
16       0.370217      0.008075         0.044258  ...        -0.105669       0.023664              28
12       0.369632      0.016010         0.044391  ...        -0.105669       0.023664              28
20       0.358034      0.024070         0.037463  ...        -0.105670       0.023664              30
9        0.475373      0.018330         0.204234  ...        -0.124492       0.023607              31
1        0.495075      0.054258         0.208451  ...        -0.124493       0.023607              32
5        0.465641      0.037157         0.213186  ...        -0.124493       0.023607              33
35       0.632778      0.071372         0.115659  ...        -0.124576       0.024411              34
27       0.616740      0.087082         0.108093  ...        -0.124577       0.024409              35
31       0.629863      0.032964         0.119804  ...        -0.124577       0.024409              36
0        0.374311      0.025343         0.037836  ...        -0.125983       0.023554              37
4        0.366873      0.052808         0.043319  ...        -0.125983       0.023554              38
8        0.380649      0.009259         0.052968  ...        -0.125985       0.023557              39
23       0.602008      0.023766         0.101943  ...        -0.127902       0.023636              40
19       0.633751      0.034576         0.118877  ...        -0.127903       0.023637              41
15       0.620683      0.101966         0.102211  ...        -0.127903       0.023637              41
7        0.619439      0.018071         0.109233  ...        -0.128254       0.023559              43
3        0.609228      0.028223         0.114052  ...        -0.128254       0.023559              43
11       0.610236      0.016419         0.108657  ...        -0.128254       0.023559              45
39       0.590946      0.064170         0.118736  ...        -0.157439       0.031150              46
43       0.622011      0.008201         0.102954  ...        -0.157441       0.031147              47
47       0.516009      0.018182         0.074025  ...        -0.157453       0.031118              48

[48 rows x 16 columns]
    Kernel  Average Mean Test Score
0   linear                 0.147803
1      rbf                 0.224144
2     poly                 0.685326
3  sigmoid                -0.134545
Variance of performance scores across runs: 44117.95011551723
Standard deviation of performance scores across runs: 210.04273402219187
SVR Mean Squared Error: 5301106.540921785
SVR Mean Absolute Error: 1457.3756390371964
Price Trend Prediction Accuracy: 0.7758064516129032
Price Trend Prediction Precision: 0.7570977917981072
Price Trend Prediction Recall: 1.0
Price Trend Prediction F1-score: 0.8617594254937163
Trading Strategy Returns: -1.0
Benchmark Returns: 7072.604423468273
    Kernel  Std of Mean Test Score
0   linear                0.365317
1      rbf                0.436749
2     poly                0.404075
3  sigmoid                0.013890
                   Open         High          Low        Close
2023-03-21  8433.374189  8335.329592  8570.923240  8276.378669
2023-03-22  8432.069730  8333.649645  8569.836310  8274.672903
2023-03-23  8430.760650  8331.964894  8568.745004  8272.962364
2023-03-24  8429.446947  8330.275338  8567.649320  8271.247049
2023-03-25  8428.128620  8328.580973  8566.549255  8269.526957
2023-03-26  8426.805665  8326.881799  8565.444809  8267.802086
2023-03-27  8425.478081  8325.177813  8564.335978  8266.072433
2023-03-28  8424.145867  8323.469013  8563.222762  8264.337996
2023-03-29  8422.809019  8321.755396  8562.105157  8262.598774
2023-03-30  8421.467537  8320.036962  8560.983163  8260.854764
2023-03-31  8420.121417  8318.313707  8559.856777  8259.105964
2023-04-01  8418.770658  8316.585630  8558.725997  8257.352373
2023-04-02  8417.415258  8314.852728  8557.590821  8255.593987
2023-04-03  8416.055215  8313.115000  8556.451247  8253.830805
2023-04-04  8414.690527  8311.372443  8555.307274  8252.062825
2023-04-05  8413.321191  8309.625055  8554.158899  8250.290045
2023-04-06  8411.947206  8307.872835  8553.006120  8248.512463
2023-04-07  8410.568570  8306.115780  8551.848936  8246.730077
2023-04-08  8409.185280  8304.353889  8550.687344  8244.942884
2023-04-09  8407.797335  8302.587158  8549.521343  8243.150882
2023-04-10  8406.404733  8300.815586  8548.350930  8241.354070
2023-04-11  8405.007471  8299.039172  8547.176104  8239.552446
2023-04-12  8403.605548  8297.257912  8545.996862  8237.746006
2023-04-13  8402.198961  8295.471805  8544.813203  8235.934750
2023-04-14  8400.787708  8293.680848  8543.625125  8234.118675
2023-04-15  8399.371788  8291.885041  8542.432625  8232.297779
2023-04-16  8397.951198  8290.084380  8541.235702  8230.472061
2023-04-17  8396.525936  8288.278863  8540.034354  8228.641517
2023-04-18  8395.096001  8286.468489  8538.828578  8226.806146
2023-04-19  8393.661390  8284.653255  8537.618374  8224.965946
2023-04-20  8392.222101  8282.833160  8536.403738  8223.120914
