-- Doge
Best SVR parameters:  {'estimator__C': 1, 'estimator__epsilon': 0.01, 'estimator__kernel': 'linear'}
Complete SVR cross-validation results: 
    mean_fit_time  std_fit_time  mean_score_time  ...  mean_test_score std_test_score rank_test_score
12       0.042238      0.011384         0.001247  ...     9.880202e-01   4.090059e-03               1
24       0.122787      0.015213         0.002324  ...     9.880072e-01   4.051906e-03               2
36       0.459710      0.061651         0.001707  ...     9.879635e-01   4.012796e-03               3
0        0.029037      0.002717         0.003352  ...     9.858634e-01   3.597413e-03               4
13       0.031987      0.005543         0.006510  ...     9.851456e-01   8.968206e-03               5
25       0.103879      0.009418         0.006163  ...     9.851257e-01   7.846667e-03               6
1        0.020518      0.004759         0.010235  ...     9.811710e-01   9.698031e-03               7
37       0.331421      0.040725         0.004724  ...     9.749928e-01   2.243549e-02               8
2        0.365448      0.020786         0.005697  ...     9.518905e-01   5.852487e-02               9
26       6.123028      0.471344         0.002713  ...     9.356168e-01   9.171134e-02              10
14       1.736899      0.162051         0.003820  ...     8.464081e-01   2.667700e-01              11
40       0.013789      0.009845         0.000622  ...     6.411025e-01   1.467871e-01              12
28       0.021858      0.010521         0.001451  ...     6.370337e-01   1.531459e-01              13
16       0.004139      0.001652         0.000452  ...     4.085408e-01   3.557529e-02              14
41       0.007082      0.002231         0.001464  ...     3.246778e-01   5.025815e-02              15
29       0.008312      0.005781         0.001427  ...     3.246778e-01   5.025815e-02              15
17       0.005824      0.004995         0.000881  ...     3.239819e-01   5.082012e-02              17
5        0.006442      0.002445         0.000946  ...     3.185907e-01   5.018307e-02              18
4        0.008971      0.003191         0.000726  ...     2.545702e-01   4.300808e-02              19
18       0.013381      0.005467         0.000720  ...     2.295854e-01   5.095899e-02              20
42       0.018883      0.009342         0.000532  ...     2.295854e-01   5.095899e-02              20
6        0.014324      0.007552         0.001326  ...     2.295854e-01   5.095899e-02              20
30       0.013808      0.005364         0.000955  ...     2.295854e-01   5.095899e-02              20
38      36.187309      3.325689         0.002659  ...    -2.207844e+00   6.380923e+00              24
33       0.002694      0.001613         0.000512  ...    -8.162721e+00   5.239562e-01              25
20       0.003444      0.001881         0.000669  ...    -8.162721e+00   5.239562e-01              25
46       0.005634      0.002336         0.000890  ...    -8.162721e+00   5.239562e-01              25
45       0.005433      0.001899         0.001653  ...    -8.162721e+00   5.239562e-01              25
44       0.003380      0.001230         0.000708  ...    -8.162721e+00   5.239562e-01              25
8        0.005440      0.002404         0.001036  ...    -8.162721e+00   5.239562e-01              25
9        0.004814      0.001890         0.001071  ...    -8.162721e+00   5.239562e-01              25
35       0.003588      0.002703         0.000546  ...    -8.162721e+00   5.239562e-01              25
34       0.001335      0.000035         0.000348  ...    -8.162721e+00   5.239562e-01              25
47       0.004376      0.002335         0.000526  ...    -8.162721e+00   5.239562e-01              25
32       0.003960      0.002222         0.000857  ...    -8.162721e+00   5.239562e-01              25
10       0.004582      0.002206         0.001351  ...    -8.162721e+00   5.239562e-01              25
11       0.002213      0.001098         0.000384  ...    -8.162721e+00   5.239562e-01              25
23       0.003178      0.001490         0.000657  ...    -8.162721e+00   5.239562e-01              25
22       0.005031      0.002370         0.001027  ...    -8.162721e+00   5.239562e-01              25
21       0.004946      0.002207         0.000829  ...    -8.162721e+00   5.239562e-01              25
3        0.261001      0.009223         0.046608  ...    -1.346286e+03   6.906772e+01              41
7        0.247721      0.013165         0.040694  ...    -1.347093e+03   6.862589e+01              42
15       0.245097      0.006725         0.050455  ...    -1.325532e+05   6.819859e+03              43
19       0.240016      0.013501         0.039679  ...    -1.325724e+05   6.830887e+03              44
27       0.230455      0.038429         0.038885  ...    -1.322861e+07   6.829901e+05              45
31       0.254724      0.009259         0.036976  ...    -1.322887e+07   6.827120e+05              46
43       0.236689      0.009420         0.042337  ...    -1.322644e+09   6.817131e+07              47
39       0.152822      0.000914         0.026252  ...    -1.322645e+09   6.816783e+07              48

[48 rows x 16 columns]
    Kernel  Average Mean Test Score
0   linear            -2.229982e+00
1      rbf            -2.286043e+00
2     poly            -2.600539e+00
3  sigmoid            -2.226679e+08
SVR Mean Squared Error: 0.00011178602939610235
SVR Mean Absolute Error: 0.0045471494486240445
Price Trend Prediction Accuracy: 0.5923076923076923
Price Trend Prediction Precision: 0.32
Price Trend Prediction Recall: 1.0
Price Trend Prediction F1-score: 0.48484848484848486
Trading Strategy Returns: 8.845414105230699e+136
Benchmark Returns: 4676.095420537297
                Open      High       Low     Close
2023-03-21  0.073946  0.072503  0.070845  0.067344
2023-03-22  0.073947  0.072506  0.070850  0.067344
2023-03-23  0.073947  0.072509  0.070854  0.067345
2023-03-24  0.073947  0.072512  0.070859  0.067345
2023-03-25  0.073948  0.072516  0.070863  0.067345
2023-03-26  0.073948  0.072519  0.070868  0.067345
2023-03-27  0.073948  0.072522  0.070872  0.067346
2023-03-28  0.073949  0.072525  0.070877  0.067346
2023-03-29  0.073949  0.072528  0.070881  0.067346
2023-03-30  0.073949  0.072531  0.070886  0.067347
2023-03-31  0.073950  0.072534  0.070890  0.067347
2023-04-01  0.073950  0.072537  0.070895  0.067347
2023-04-02  0.073950  0.072540  0.070899  0.067347
2023-04-03  0.073951  0.072544  0.070904  0.067348
2023-04-04  0.073951  0.072547  0.070908  0.067348
2023-04-05  0.073951  0.072550  0.070913  0.067348
2023-04-06  0.073952  0.072553  0.070917  0.067348
2023-04-07  0.073952  0.072556  0.070922  0.067349
2023-04-08  0.073952  0.072559  0.070926  0.067349
2023-04-09  0.073953  0.072562  0.070931  0.067349
2023-04-10  0.073953  0.072565  0.070935  0.067349
2023-04-11  0.073953  0.072569  0.070940  0.067350
2023-04-12  0.073954  0.072572  0.070944  0.067350
2023-04-13  0.073954  0.072575  0.070949  0.067350
2023-04-14  0.073954  0.072578  0.070953  0.067350
2023-04-15  0.073955  0.072581  0.070958  0.067351
2023-04-16  0.073955  0.072584  0.070962  0.067351
2023-04-17  0.073955  0.072587  0.070967  0.067351
2023-04-18  0.073956  0.072590  0.070971  0.067352
2023-04-19  0.073956  0.072593  0.070976  0.067352
2023-04-20  0.073956  0.072597  0.070980  0.067352